JAN,0.15,8.15
FEB,-0.66,7.49
MAR,-2.59,4.9
APR,2.98,7.88
MAY,-3.01,4.87
JUN,2.02,6.89
JUL,1.88,8.77
AUG,-3.59,5.18
SEP,-0.9,4.28
OCT,2.47,6.75
NOV,1.78,8.53
DEC,1.75,10.28